1000
1000
1000
1000
1000
1000
1000
1000
1000
1000
1000
1000
1000
1000
 1000
1000
1000
1000
1000
1000
1000
1000
1000
1000
 999
1000
1000
 908
  901
 907
 903
 910
 923
 896
 920
 913
 909
 914
 904
 909
 917
 927
  919
 919
 920
 922
 917
 930
 908
 927
 911
 914
 917
 920
 924
 908
  933
 876
 876
 877
 875
 893
 879
 878
 878
 902
 908
 888
 887
 891
  887
 891
 894
 884
 891
 888
 883
 885
 911
 892
 890
 887
 877
 894
  889
 896
 884
 882
 908
 908
 906
 916
 933
 926
 919
 919
 922
 912
  925
 907
 922
 913
 924
 937
 923
 922
 912
 908
 921
 925
 921
 923
  929
 908
 915
 913
 910
 912